56.926	0
57.093	0
57.26	0
57.427	0
57.594	0
57.761	0
57.928	0
58.095	0
58.262	0
58.429	0
58.596	0
58.763	0
58.93	0
59.097	0
59.264	0
59.431	0
59.598	0
59.765	0
59.932	0
60.099	0
60.266	0
60.433	0
60.6	0
60.767	0
60.934	0
61.101	0
61.268	0
61.435	0
61.602	0
61.769	0
61.936	0
62.103	0
62.27	0
62.437	0
62.604	0
62.771	0
62.938	0
63.105	0
63.272	0
63.439	0
63.606	0
63.773	0
63.94	0
64.107	0
64.274	0
64.441	0
64.608	0
64.775	0
64.942	0
65.109	0
65.276	0
65.443	0
65.61	0
65.777	0
65.944	0
66.111	0
66.278	0
66.445	0
66.612	0
66.779	0
66.946	0
67.113	0
67.28	0
67.447	0
67.614	0
67.781	0
67.948	0
68.115	0
68.282	0
68.449	0
68.616	0
68.783	0
68.95	0
69.117	0
69.284	0
69.451	0
69.618	0
69.785	0
69.952	0
70.119	0
70.286	0
70.453	0
70.62	0
70.787	0
70.954	0
71.121	0
71.288	0
71.455	0
71.622	0
71.789	0
71.956	0
72.123	0
72.29	0
72.457	0
72.624	0
72.791	0
72.958	0
73.125	0
73.292	0
73.459	0
73.626	0
73.793	0
73.96	0
74.127	0
74.294	0
74.461	0
74.628	0
74.795	0
74.962	0
75.129	0
75.296	0
75.463	0
75.63	0
75.797	0
75.964	0
76.131	0
76.298	0
76.465	0
76.632	0
76.799	0
76.966	0
77.133	0
77.3	0
77.467	0
77.634	0
77.801	0
77.968	0
78.135	0
78.302	0
78.469	0
78.636	0
78.803	0
78.97	0
79.137	0
79.304	0
79.471	0
79.638	0
79.805	0
79.972	0
80.139	0
80.306	0
80.473	0
80.64	0
80.807	0
80.974	0
81.141	0
81.308	0
81.475	0
81.642	0
81.809	0
81.976	0
82.143	0
82.31	0
82.477	0
82.644	0
82.811	0
82.978	0
83.145	0
83.312	0
83.479	0
83.646	0
83.813	0
83.98	0
84.147	0
84.314	0
84.481	0
84.648	0
84.815	0
84.982	0
85.149	0
85.316	0
85.483	0
85.65	0
85.817	0
85.984	0
86.151	0
86.318	0
86.485	0
86.652	0
86.819	0
86.986	0
87.153	0
87.32	0
87.487	0
87.654	0
87.821	0
87.988	0
88.155	0
88.322	0
88.489	0
88.656	0
88.823	0
88.99	0
89.157	0
89.324	0
89.491	0
89.658	0
89.825	0
89.992	0
90.159	0
90.326	0
90.493	0
90.66	0
90.827	0
90.994	0
91.161	0
91.328	0
91.495	0
91.662	0
91.829	0
91.996	0
92.163	0
92.33	0
92.497	0
92.664	0
92.831	0
92.998	0
93.165	0
93.332	0
93.499	0
93.666	0
93.833	0
94	0
94.167	0
94.334	0
94.501	0
94.668	0
94.835	0
95.002	0
95.169	0
95.336	0
95.503	0
95.67	0
95.837	0
96.004	0
96.171	0
96.338	0
96.505	0
96.672	0
96.839	0
97.006	0
97.173	0
97.34	0
97.507	0
97.674	0
97.841	0
98.008	0
98.175	0
98.342	0
98.509	0
98.676	0
98.843	0
99.01	0
99.177	0
99.344	0
99.511	0
99.678	0
99.845	0
100.012	0
100.179	0
100.346	0
100.513	0
100.68	0
100.847	0
101.014	0
101.181	0
101.348	0
101.515	0
101.682	0
101.849	0
102.016	0
102.183	0
102.35	0
102.517	0
102.684	0
102.851	0
103.018	0
103.185	0
103.352	0
103.519	0
103.686	0
103.853	0
104.02	0
104.187	0
104.354	0
104.521	0
104.688	0
104.855	0
105.022	0
105.189	0
105.356	0
105.523	0
105.69	0
105.857	0
106.024	0
106.191	0
106.358	0
106.525	0
106.692	0
106.859	0
107.026	0
107.193	0
107.36	0
107.527	0
107.694	0
107.861	0
108.028	0
108.195	0
108.362	0
108.529	0
108.696	0
108.863	0
109.03	0
109.197	0
109.364	0
109.531	0
109.698	0
109.865	0
110.032	0
110.199	0
110.366	0
110.533	0
110.7	0
110.867	0
111.034	0
111.201	0
111.368	0
111.535	0
111.702	0
111.869	0
112.036	0
112.203	0
112.37	0
112.537	0
112.704	0
112.871	0
113.038	0
113.205	0
113.372	0
113.539	0
113.706	0
113.873	0
114.04	0
114.207	0
114.374	0
114.541	0
114.708	0
114.875	0
115.042	0
115.209	0
115.376	0
115.543	0
115.71	0
115.877	0
116.044	0
116.211	0
116.378	0
116.545	0
116.712	0
116.879	0
117.046	0
117.213	0
117.38	0
117.547	0
117.714	0
117.881	0
118.048	0
118.215	0
118.382	0
118.549	0
118.716	0
118.883	0
119.05	0
119.217	0
119.384	0
119.551	0
119.718	0
119.885	0
120.052	0
120.219	0
120.386	0
120.553	0
120.72	0
120.887	0
121.054	0
121.221	0
121.388	0
121.555	0
121.722	0
121.889	0
122.056	0
122.223	0
122.39	0
122.557	0
122.724	0
122.891	0
123.058	0
123.225	0
123.392	0
123.559	0
123.726	0
123.893	0
124.06	0
124.227	0
124.394	0
124.561	0
124.728	0
124.895	0
125.062	0
125.229	0
125.396	0
125.563	0
125.73	0
125.897	0
126.064	0
126.231	0
126.398	0
126.565	0
126.732	0
126.899	0
127.066	0
127.233	0
127.4	0
127.567	0
127.734	0
127.901	0
128.068	0
128.235	0
128.402	0
128.569	0
128.736	0
128.903	0
129.07	0
129.237	0
129.404	0
129.571	0
129.738	0
129.905	0
130.072	0
130.239	0
130.406	0
130.573	0
130.74	0
130.907	0
131.074	0
131.241	0
131.408	0
131.575	0
131.742	0
131.909	0
132.076	0
132.243	0
132.41	0
132.577	0
132.744	0
132.911	0
133.078	0
133.245	0
133.412	0
133.579	0
133.746	0
133.913	0
134.08	0
134.247	0
134.414	0
134.581	0
134.748	0
134.915	0
135.082	0
135.249	0
135.416	0
135.583	0
135.75	0
135.917	0
136.084	0
136.251	0
136.418	0
136.585	0
136.752	0
136.919	0
137.086	0
137.253	0
137.42	0
137.587	0
137.754	0
137.921	0
138.088	0
138.255	0
138.422	0
138.589	0
138.756	0
138.923	0
139.09	0
139.257	0
139.424	0
139.591	0
139.758	0
139.925	0
140.092	0
140.259	0
140.426	0
140.593	0
140.76	0
140.927	0
141.094	0
141.261	0
141.428	0
141.595	0
141.762	0
141.929	0
142.096	0
142.263	0
142.43	0
142.597	0
142.764	0
142.931	0
143.098	0
143.265	0
143.432	0
143.599	0
143.766	0
143.933	0
144.1	0
144.267	0
144.434	0
144.601	0
144.768	0
144.935	0
145.102	0
145.269	0
145.436	0
145.603	0
145.77	0
145.937	0
146.104	0
146.271	0
146.438	0
146.605	0
146.772	0
146.939	0
147.106	0
147.273	0
147.44	0
147.607	0
147.774	0
147.941	0
148.108	0
148.275	0
148.442	0
148.609	0
148.776	0
148.943	0
149.11	0
149.277	0
149.444	0
149.611	0
149.778	0
149.945	0
150.112	0
150.279	0
150.446	0
150.613	0
150.78	0
150.947	0
151.114	0
151.281	0
151.448	0
151.615	0
151.782	0
151.949	0
152.116	0
152.283	0
152.45	0
152.617	0
152.784	0
152.951	0
153.118	0
153.285	0
153.452	0
153.619	0
153.786	0
153.953	0
154.12	0
154.287	0
154.454	0
154.621	0
154.788	0
154.955	0
155.122	0
155.289	0
155.456	0
155.623	0
155.79	0
155.957	0
156.124	0
156.291	0
156.458	0
156.625	0
156.792	0
156.959	0
157.126	0
157.293	0
157.46	0
157.627	0
157.794	0
157.961	0
158.128	0
158.295	0
158.462	0
158.629	0
158.796	0
158.963	0
159.13	0
159.297	0
159.464	0
159.631	0.00464480046558747
159.798	0.0169242909213916
159.965	0.036343923150631
160.132	0.0609219029788332
160.299	0.0882110772778456
160.466	0.116198013417232
160.633	0.143806374921713
160.8	0.170885856569186
160.967	0.197824700013353
161.134	0.225065738058995
161.301	0.252769954080636
161.468	0.280724954930791
161.635	0.308465259466551
161.802	0.335504193499506
161.969	0.36156106773774
162.136	0.386692758560118
162.303	0.411277608075987
162.47	0.43585659287645
162.637	0.460901017889773
162.804	0.486619305159893
162.971	0.512899574645965
163.138	0.534765892950722
163.305	0.548873822925978
163.472	0.555521603748713
163.639	0.556730954199925
163.806	0.555179627029697
163.973	0.553182989565399
164.14	0.552062807833434
164.307	0.552069397265877
164.474	0.552746247599432
164.641	0.553468063030385
164.808	0.553887750699678
164.975	0.554137359247367
165.142	0.554744026005846
165.309	0.556326978015583
165.476	0.559228384832221
165.643	0.563266767653117
165.81	0.56775913832496
165.977	0.571817809569863
166.144	0.574767029404002
166.311	0.576445908744575
166.478	0.577240147714206
166.645	0.577853633512328
166.812	0.578975906377047
166.979	0.581018185632957
167.146	0.584011827013289
167.313	0.587657764469954
167.48	0.591461222675624
167.647	0.594901670949127
167.814	0.597605148320562
167.981	0.599930099895365
168.148	0.602006143033782
168.315	0.603940358632659
168.482	0.6057542402119
168.649	0.607353744723985
168.816	0.608602359237537
168.983	0.609461460277124
169.15	0.610099514508829
169.317	0.610877803559448
169.484	0.612202784623459
169.651	0.61433245421069
169.818	0.617259402649692
169.985	0.620730937003259
170.152	0.624374665082769
170.319	0.627836753555744
170.486	0.630868181541938
170.653	0.633354760929402
170.82	0.63532049009449
170.987	0.636919245748633
171.154	0.638398736969223
171.321	0.640020817414374
171.488	0.641499769761469
171.655	0.642907762001602
171.822	0.644353859472454
171.989	0.645932094076345
172.156	0.647708159207128
172.323	0.649710816549192
172.49	0.651928289992681
172.657	0.654310808734957
172.824	0.656778285667939
172.991	0.659232307859508
173.158	0.661570058540699
173.325	0.663697865896145
173.492	0.665543712120618
173.659	0.667065377767767
173.826	0.668253932944486
173.993	0.669132644311232
174.16	0.669750922673033
174.327	0.670175243433698
174.494	0.670478652003772
174.661	0.670730147319616
174.828	0.670986437831386
174.995	0.671286481660667
175.162	0.671649988887454
175.329	0.672079531371836
175.496	0.672565077044971
175.663	0.673090943305497
175.83	0.673642614634854
175.997	0.674212356182012
176.164	0.674802635524068
176.331	0.675426700955559
176.498	0.676105842336566
176.665	0.676863864933572
176.832	0.677719967995204
176.999	0.678681280660723
177.166	0.679736797207708
177.333	0.68085393188385
177.5	0.681978778403456
177.667	0.683040181283533
177.834	0.683957113698901
178.001	0.68464787623298
178.168	0.68503957954885
178.335	0.68507574323383
178.502	0.684721398187862
178.669	0.683964663229821
178.836	0.682814407034957
179.003	0.681295616065541
179.17	0.679443116083848
179.337	0.677295114565834
179.504	0.674888553781757
179.671	0.672256846371776
179.838	0.66943068435195
180.005	0.666441230414741
180.172	0.663325315056939
180.339	0.66013104395328
180.506	0.656921601535862
180.673	0.653777139130747
180.84	0.650792331239358
181.007	0.648070659900922
181.174	0.645715886552261
181.341	0.643821601417861
181.508	0.642461441960203
181.675	0.641680782140166
181.842	0.641492604707911
182.009	0.641876800669658
182.176	0.642782969911521
182.343	0.64413642820933
182.51	0.645845411966931
182.677	0.647808864051672
182.844	0.649923427824146
183.011	0.65208930414531
183.178	0.654214496221497
183.345	0.65621789171498
183.512	0.658032079853141
183.679	0.659605373526818
183.846	0.660903485605062
184.013	0.66191121592433
184.18	0.662632191620985
184.347	0.663087369771972
184.514	0.663311851446493
184.681	0.663349293808388
184.848	0.663245337364054
185.015	0.66304075948173
185.182	0.662765957039182
185.349	0.662437379021259
185.516	0.662057605101079
185.683	0.66161889507027
185.85	0.661109319892019
186.017	0.660520943435632
186.184	0.659857205195685
186.351	0.659138882001961
186.518	0.658406045571021
186.685	0.657715659087361
186.852	0.657135880438076
187.019	0.656736269708951
187.186	0.656576750862678
187.353	0.656698175449146
187.52	0.657115113497844
187.687	0.657813540573708
187.854	0.65875395867436
188.021	0.659878170291821
188.188	0.661120060854282
188.355	0.662416743156819
188.522	0.663718457894701
188.689	0.664995624927281
188.856	0.666240996274278
189.023	0.667467442306774
189.19	0.668702253809562
189.357	0.669979741767416
189.524	0.671332402652144
189.691	0.672784297996261
189.858	0.674346564181238
190.025	0.67601568246333
190.192	0.677775314264286
190.359	0.679599036326002
190.526	0.681455227415271
190.693	0.683312237928635
190.86	0.685141706969117
191.027	0.686921712942171
191.194	0.688637884274803
191.361	0.690282907578261
191.528	0.691855761283827
191.695	0.693359335196054
191.862	0.694798922061567
192.029	0.696180426013981
192.196	0.6975084694856
192.363	0.698785292394545
192.53	0.700010003103961
192.697	0.701178192245252
192.864	0.702282179727225
193.031	0.703313052214841
193.198	0.704262983404525
193.365	0.705129078294783
193.532	0.705917936808911
193.699	0.706649334236736
193.866	0.707359188235948
194.033	0.708100295431623
194.2	0.708940391172202
194.367	0.709957439532411
194.534	0.711231711182744
194.701	0.712836782336012
194.868	0.714830525978642
195.035	0.717246901466099
195.202	0.720091302943799
195.369	0.723339734410441
195.536	0.726942171649254
195.703	0.730830290774143
195.87	0.734927695258454
196.037	0.739160597564937
196.204	0.74346788491071
196.371	0.747808077845414
196.538	0.752161844595178
196.705	0.756530511004415
196.872	0.760930297897754
197.039	0.765384058469767
197.206	0.769912469419788
197.373	0.774525570672523
197.54	0.779216164754206
197.707	0.78395676982067
197.874	0.788699954435839
198.041	0.793381436552308
198.208	0.797925950708606
198.375	0.802254015978826
198.542	0.806289247261399
198.709	0.8099651362645
198.876	0.8132304987005
199.043	0.816054024966424
199.21	0.818427305833808
199.377	0.820366688891217
199.544	0.821914586487435
199.711	0.823138998007881
199.878	0.824131252345841
200.045	0.825002243792824
200.212	0.825875572124621
200.379	0.826878654827631
200.546	0.828131993243149
200.713	0.829737922729933
200.88	0.831770614689931
201.047	0.834269813138535
201.214	0.837238828731451
201.381	0.840647315875634
201.548	0.844440248272307
201.715	0.848549806235467
201.882	0.852909201498971
202.049	0.857465958450689
202.216	0.86219137592179
202.383	0.867084490724805
202.55	0.872169662645202
202.717	0.877488139365155
202.884	0.883085111006527
203.051	0.888994736399961
203.218	0.895226506027299
203.385	0.901755776347945
203.552	0.908519889107092
203.719	0.915421200666093
203.886	0.922336133718578
204.053	0.929128918937299
204.22	0.935667100701747
204.387	0.941836328440152
204.554	0.947551065829793
204.721	0.952760778107093
204.888	0.957450717342537
205.055	0.961636951597089
205.222	0.965359010091511
205.389	0.96867058863599
205.556	0.971630703375208
205.723	0.974297329996956
205.89	0.976723790499928
206.057	0.978957435694976
206.224	0.981040621359047
206.391	0.983013357143505
206.558	0.984914791969795
206.725	0.986783539295796
206.892	0.988657378564784
207.059	0.990571540254286
207.226	0.992556556617192
207.393	0.994636301421488
207.56	0.996826929467115
207.727	0.999137338939162
207.894	1.0015701771002
208.061	1.00412382871956
208.228	1.00679449361461
208.395	1.00957781461079
208.562	1.01246987483727
208.729	1.01546684796559
208.896	1.01856436624608
209.063	1.02175652085754
209.23	1.02503485244407
209.397	1.02838760351381
209.564	1.03180021645182
209.731	1.03525637408049
209.898	1.03873861019401
210.065	1.04222964569397
210.232	1.04571276510702
210.399	1.04917069879597
210.566	1.05258424744046
210.733	1.0559304630819
210.9	1.05918108892747
211.067	1.06230196216197
211.234	1.06525337559281
211.401	1.06799290213707
211.568	1.07047917730333
211.735	1.07267558248484
211.902	1.0745542771258
212.069	1.07609925664407
212.236	1.07730658412004
212.403	1.07818312599222
212.57	1.07874388272186
212.737	1.07900818154218
212.904	1.07899764835484
213.071	1.07873507283049
213.238	1.0782455787583
213.405	1.07755965485259
213.572	1.07671645042057
213.739	1.07576812790276
213.906	1.07478173352358
214.073	1.0738380516808
214.24	1.07302868448617
214.407	1.07244958970466
214.574	1.07219302314784
214.741	1.07233965777482
214.908	1.07295159063012
215.075	1.07406827364754
215.242	1.07570528066434
215.409	1.07785626256472
215.576	1.08049693805839
215.743	1.08359041194431
215.91	1.08709204839892
216.077	1.09095195170364
216.244	1.09511620122465
216.411	1.09952516076316
216.578	1.10411081022197
216.745	1.10879380907439
216.912	1.1134820615344
217.079	1.1180731752372
217.246	1.12245825537075
217.413	1.12652959720735
217.58	1.13019024505086
217.747	1.1333619682195
217.914	1.13599226782179
218.081	1.13805731795352
218.248	1.13956109929666
218.415	1.14053045517222
218.582	1.14100766007898
218.749	1.14104253218805
218.916	1.14068480227525
219.083	1.1399788670314
219.25	1.13896208158261
219.417	1.13766624574763
219.584	1.13612122795453
219.751	1.13435975448693
219.918	1.13242115415189
220.085	1.13035307672463
220.252	1.12821073593947
220.419	1.12605358200001
220.586	1.12393974888782
220.753	1.12192092427234
220.92	1.12003755526473
221.087	1.1183151022137
221.254	1.11676337813871
221.421	1.11537748310134
221.588	1.11414016189376
221.755	1.11302470933802
221.922	1.11199771823272
222.089	1.11102095996996
222.256	1.11005318800731
222.423	1.10905158949091
222.59	1.10797349509978
222.757	1.10677975208241
222.924	1.1054390488018
223.091	1.10393327878223
223.258	1.1022626248184
223.425	1.1004501935768
223.592	1.09854347524716
223.759	1.09661131178058
223.926	1.09473611645495
224.093	1.09300196649099
224.26	1.09148068428437
224.427	1.09021828549313
224.594	1.08922522936928
224.761	1.0884724917897
224.928	1.08789556926755
225.095	1.08740605498792
225.262	1.08690857731369
225.429	1.08632054331014
225.596	1.08559107115675
225.763	1.08471241982101
225.93	1.08372418508361
226.097	1.08270692126579
226.264	1.08176774696569
226.431	1.08101706637844
226.598	1.08054143177436
226.765	1.08038276031579
226.932	1.0805203876019
227.099	1.08086308692054
227.266	1.08125474615778
227.433	1.08149536534306
227.6	1.08136662876476
227.767	1.08066441637483
227.934	1.079232265022
228.101	1.07698486406136
228.268	1.07392219871369
228.435	1.07012862738641
228.602	1.06575998275522
228.769	1.06101800095124
228.936	1.05611877452692
229.103	1.05125919963267
229.27	1.04659223844027
229.437	1.04220827109411
229.604	1.03812737450695
229.771	1.03430436210895
229.938	1.03064165988076
230.105	1.0270101849278
230.272	1.02326810443082
230.439	1.01928266690776
230.606	1.01494665608906
230.773	1.01018481204753
230.94	1.00495487718948
231.107	0.999247847164951
231.274	0.993080044512982
231.441	0.986483345419967
231.608	0.979499720017968
231.775	0.972177360911154
231.942	0.96456699578783
232.109	0.956721283051489
232.276	0.948695884013771
232.443	0.940549217882602
232.61	0.932342656548932
232.777	0.924132189939043
232.944	0.915965889480885
233.111	0.907878814699861
233.278	0.899885450202421
233.445	0.891982594950396
233.612	0.884152508818131
233.779	0.876371235717399
233.946	0.868620522075839
234.113	0.860898160032875
234.28	0.853228771723448
234.447	0.8456666892974
234.614	0.838291203581493
234.781	0.831193300043424
234.948	0.824459154768168
235.115	0.81815196672114
235.282	0.81228571081951
235.449	0.806813648694837
235.616	0.801618851948385
235.783	0.796514910170812
235.95	0.791261039326777
236.117	0.785579381811446
236.284	0.779490276108973
236.451	0.772875549232231
236.618	0.765583293796678
236.785	0.757525836825241
236.952	0.748730805201642
237.119	0.739310285689231
237.286	--
237.453	--
237.62	--
237.787	--
237.954	--
238.121	--
238.288	--
238.455	--
238.622	--
238.789	--
238.956	--
239.123	--
239.29	--
239.457	--
239.624	--
239.791	--
239.958	--
240.125	--
240.292	--
240.459	--
240.626	--
240.793	--
240.96	--
241.127	--
241.294	--
241.461	--
241.628	--
241.795	--
241.962	--
242.129	--
242.296	--
242.463	--
242.63	--
242.797	--
242.964	--
243.131	--
243.298	--
243.465	--
243.632	--
243.799	--
243.966	--
244.133	--
244.3	--
244.467	--
244.634	--
244.801	--
244.968	--
245.135	--
245.302	--
245.469	--
245.636	--
245.803	--
245.97	--
246.137	--
246.304	--
246.471	--
246.638	--
246.805	--
246.972	--
247.139	--
247.306	--
247.473	--
247.64	--
247.807	--
247.974	--
248.141	--
248.308	--
248.475	--
248.642	--
248.809	--
248.976	--
249.143	--
249.31	--
249.477	--
249.644	--
249.811	--
249.978	--
250.145	--
250.312	--
250.479	--
250.646	--
250.813	--
250.98	--
251.147	--
251.314	--
251.481	--
251.648	--
251.815	--
251.982	--
252.149	--
252.316	--
252.483	--
252.65	--
252.817	--
252.984	--
253.151	--
253.318	--
253.485	--
253.652	--
253.819	--
253.986	--
254.153	--
254.32	--
254.487	--
254.654	--
254.821	--
254.988	--
255.155	--
255.322	--
255.489	--
255.656	--
255.823	--
255.99	--
256.157	--
256.324	--
256.491	--
256.658	--
256.825	--
256.992	--
257.159	--
257.326	--
257.493	--
257.66	--
257.827	--
257.994	--
258.161	--
258.328	--
258.495	--
258.662	--
258.829	--
258.996	--
259.163	--
259.33	--
259.497	--
259.664	--
259.831	--
259.998	--
260.165	--
